1;1;Kamil.Stoch.1.0.1517569200.1522749600.Michal.Wozniak.2.0.1551610800.1551783600
2;1;
3;1;
4;1;
5;1;
6;1;
7;1;
8;1;
9;1;
10;1;
11;1;
12;1;
13;1;
14;1;
15;2;
16;2;
17;2;
18;2;
19;2;
20;2;
21;2;
22;2;
23;2;
24;2;
25;3;Coztego.Nazwisko.1.0.1557050400.1557223200
26;3;
27;3;
28;3;
29;3;
30;3;
31;4;
32;4;
33;4;
34;4;
35;4;
36;4;
37;4;
38;4;
39;4;
40;5;Janusz.Konrad.1.0.1554372000.1554458400
41;5;
42;5;
43;5;
44;5;
45;5;
46;5;
47;5;
48;5;
49;5;
50;5;
52;6;
53;6;
54;6;
55;6;
56;6;
57;6;
58;6;
59;6;
60;6;
